Brest_2018_NSI_broyage_ind10_noPCR 	 134101798 	 129104840 	 4996958 	 4151236
Brest_2018_NSI_broyage_ind2_noPCR 	 110258822 	 108464466 	 1794356 	 1483570
Brest_2018_NSI_broyage_ind4_noPCR 	 145879012 	 142804453 	 3074559 	 2528410
Brest_2018_NSI_broyage_ind6_noPCR 	 100097538 	 98793315 	 1304223 	 1087573
Brest_2018_NSI_broyage_ind9_noPCR 	 93656660 	 92422040 	 1234620 	 1027331
Brest_2018_NSI_broyage_Pool_PCR 	 157392630 	 155517854 	 1874776 	 1539552
LT_2018_NSI_broyage_ind10_noPCR 	 104860698 	 102327944 	 2532754 	 2117394
LT_2018_NSI_broyage_ind1_noPCR 	 124247480 	 116431119 	 7816361 	 6576832
LT_2018_NSI_broyage_ind3_noPCR 	 99612868 	 98822923 	 789945 	 654971
LT_2018_NSI_broyage_ind4_noPCR 	 102463906 	 95956810 	 6507096 	 5389886
LT_2018_NSI_broyage_ind7_noPCR 	 95382634 	 92234198 	 3148436 	 2640657
LT_2018_NSI_broyage_ind8_noPCR 	 112864092 	 109155550 	 3708542 	 3080039
LT_2018_NSI_broyage_ind9_noPCR 	 112955860 	 104900805 	 8055055 	 6671108
LT_2018_NSI_broyage_Pool_noPCR 	 434552906 	 434545245 	 7661 	 6327
LT_2018_NSI_broyage_Pool_PCR 	 128992244 	 128989922 	 2322 	 1882
Thau_2016_F15_filtration_ind1_PCR 	 124502500 	 102109585 	 22392915 	 18152250
Thau_2016_F15_filtration_ind2_PCR 	 126705540 	 116482585 	 10222955 	 8288352
Thau_2016_F15_filtration_ind4_PCR 	 146558196 	 140029853 	 6528343 	 5341903
Thau_2016_F15_filtration_Pool_noPCR 	 418312372 	 164903495 	 253408877 	 208971550
Thau_2016_F15_filtration_Pool_PCR 	 147957040 	 50899725 	 97057315 	 79961636
Thau_2018_NSI_broyage_ind10_noPCR 	 90406882 	 75898260 	 14508622 	 11944719
Thau_2018_NSI_broyage_ind1_noPCR 	 87040996 	 83819988 	 3221008 	 2697051
Thau_2018_NSI_broyage_ind3_noPCR 	 130346266 	 125993053 	 4353213 	 3623755
Thau_2018_NSI_broyage_ind4_noPCR 	 127468564 	 123120708 	 4347856 	 3628898
Thau_2018_NSI_broyage_ind5_noPCR 	 104125296 	 101349038 	 2776258 	 2298754
Thau_2018_NSI_broyage_ind6_noPCR 	 86171444 	 81674461 	 4496983 	 3707835
Thau_2018_NSI_broyage_ind7_noPCR 	 114126490 	 100509160 	 13617330 	 11280138
Thau_2018_NSI_broyage_ind8_noPCR 	 129127928 	 119768258 	 9359670 	 7816835
Thau_2018_NSI_broyage_ind9_noPCR 	 98424222 	 93626073 	 4798149 	 3987543
Thau_2018_NSI_broyage_Pool_PCR 	 114750698 	 17964222 	 96786476 	 80601681
